8
1 2 2 3 1
1 1 1 1 4 1
1 1 1 1 1 1 2
2 2 2 1 1 2 2
1 1 1 1 1 1 2
1 1 1 1 1 1 1
2 2 2 2 1 2 1
1 1 1 1
9 1 1 1
5 1 1 1 2 1
2 5 1 1 1
5 2 1 1 1 1
6 1 1 2 1
5 2 1 1 1 1
2 5 4 1
10 1
9 2 1
1 2 1
11 1
1 1
1 3 1 1 1 1
1 1 1 1 1 1 1 1
1 1 1 1 1 1 1 1 1
1 2 1 2 1 1 1 2
1 1 1 1 1 1 1 1 2
1 1 1 1 1 1 1 2
2 3 1 1 1 1
1 1
18

1
1 1 5 11
4 7 1 1
4 2 3 2 1 3 1
1 1 2 3 2 1 1 1 1 1
4 2 3 2 1 1 1 1 1 1
4 2 1 2 1 2 1 2 1
1 1 1 1 3 1 1 1 1 1 1
4 4 4 1 1 1 1 1
4 1 2 4 1 3 1
1 1 1 1 3 1 1
20 1
1 7 1
1 14 1
1 1 1 2 7 1
1 1 1 1 1 1 1 2 1
1 14 7 1
1 1
30
3 3